27.582225799560547
27.49466323852539
27.31839370727539
26.61009407043457
25.612096786499023
24.574054718017578
22.658191680908203
23.81572723388672
25.328277587890625
27.339040756225586
27.9305419921875
28.72043800354004
28.785608291625977
28.782791137695312
26.253971099853516
26.926050186157227
25.844541549682617
23.360305786132812
23.187870025634766
23.343257904052734
24.29149055480957
25.062545776367188
26.558229446411133
27.36502456665039
27.36894416809082
27.1560001373291
27.70145034790039
26.611194610595703
24.762451171875
24.394041061401367
24.257177352905273
24.411602020263672
24.842906951904297
25.62033462524414
27.089841842651367
27.15284538269043
27.52705955505371
27.165098190307617
26.588247299194336
25.485811233520508
24.935806274414062
24.353710174560547
23.954166412353516
23.414636611938477
23.893699645996094
26.09453010559082
26.990802764892578
25.369384765625
25.626672744750977
25.63497543334961
27.562881469726562
26.736764907836914
25.561132431030273
25.04449462890625
24.139495849609375
24.197629928588867
25.336807250976562
25.390172958374023
26.118106842041016
27.45355224609375
29.20325469970703
28.70846939086914
27.939350128173828
26.810514450073242
26.75545310974121
26.12090301513672
25.342697143554688
24.952747344970703
25.856069564819336
26.159116744995117
27.815673828125
28.4305419921875
28.743343353271484
28.435794830322266
27.814207077026367
26.635034561157227
25.190357208251953
23.82655906677246
23.830461502075195
23.90687370300293
24.4830379486084
26.176969528198242
26.08867835998535
25.763652801513672
28.490205764770508
27.69623565673828
24.037914276123047
26.480148315429688
25.795286178588867
23.25834083557129
22.26372718811035
22.60489273071289
26.414960861206055
26.582866668701172
28.21047019958496
28.645936965942383
28.736896514892578
27.76854705810547
27.571887969970703
26.672780990600586
26.42800521850586
25.184946060180664
23.76974868774414
23.401697158813477
23.62939453125
24.482524871826172
25.882160186767578
28.9890193939209
28.846038818359375
28.503297805786133
27.908567428588867
27.026214599609375
26.995817184448242
25.17352294921875
23.94548797607422
23.424795150756836
23.798023223876953
25.285612106323242
25.047361373901367
31.468486785888672
30.712482452392578
31.263978958129883
29.022075653076172
28.5019474029541
27.178726196289062
25.014738082885742
23.955829620361328
24.022037506103516
24.290756225585938
26.319364547729492
29.21402931213379
30.955242156982422
30.020633697509766
28.08655548095703
27.424650192260742
26.98658561706543
26.11452865600586
25.040205001831055
24.456480026245117
24.365234375
24.897050857543945
26.542373657226562
28.079648971557617
28.79365348815918
29.188989639282227
28.802709579467773
31.552955627441406
28.424163818359375
25.264911651611328
24.262950897216797
23.196123123168945
23.15424919128418
20.31664276123047
27.001916885375977
29.087453842163086
27.25391387939453
28.125751495361328
30.307950973510742
31.01121711730957
29.029504776000977
25.58938217163086
24.745450973510742
23.985380172729492
23.91874122619629
25.365081787109375
24.364334106445312
24.541894912719727
24.5489501953125
24.918155670166016
25.062963485717773
25.234628677368164
26.39922523498535
26.70777130126953
26.42256736755371
24.92921257019043
24.92050552368164
24.90545654296875
26.71910858154297
26.807632446289062
27.08404541015625
27.65432357788086
27.85500144958496
29.156465530395508
28.276304244995117
26.897708892822266
25.589513778686523
22.98354148864746
22.963294982910156
24.98424530029297
26.081899642944336
27.36901092529297
28.05910301208496
28.613414764404297
28.526655197143555
27.919265747070312
26.618200302124023
26.335693359375
24.937589645385742
24.245758056640625
24.066221237182617
23.63321304321289
26.234018325805664
27.622507095336914
28.21709442138672
28.140541076660156
27.807212829589844
27.756450653076172
26.95772361755371
25.823511123657227
23.950124740600586
23.878231048583984
22.879243850708008
23.241104125976562
26.83892822265625
28.41266441345215
28.13772201538086
27.822221755981445
28.411985397338867
27.998050689697266
26.38606071472168
24.627256393432617
23.640541076660156
23.412799835205078
24.595516204833984
24.106822967529297
25.454431533813477
27.73564338684082
29.771987915039062
29.23224449157715
28.133251190185547
26.321121215820312
24.581327438354492
24.864431381225586
24.37363052368164
24.75804328918457
23.679126739501953
24.176708221435547
25.171972274780273
25.994304656982422
27.64339828491211
27.684654235839844
29.164512634277344
27.752378463745117
26.69825553894043
26.266483306884766
25.47225570678711
24.354055404663086
24.086383819580078
24.540571212768555
25.58568000793457
26.799072265625
28.203630447387695
28.374555587768555
28.29753875732422
26.998079299926758
26.95415496826172
26.103219985961914
24.738550186157227
24.49261474609375
24.78969383239746
25.439422607421875
26.14181137084961
27.811992645263672
28.640594482421875
29.299531936645508
28.94120979309082
27.904281616210938
26.622900009155273
26.033023834228516
25.26301383972168
25.1593017578125
25.06492805480957
24.230220794677734
25.59989356994629
27.292829513549805
27.660335540771484
27.644311904907227
28.38602638244629
27.883560180664062
26.77912139892578
25.752277374267578
24.3990421295166
23.717233657836914
23.989259719848633
24.67366600036621
25.02022933959961
26.464811325073242
27.978687286376953
28.608510971069336
28.302793502807617
28.161123275756836
26.773881912231445
26.51850128173828
25.701215744018555
24.45767593383789
25.141111373901367
25.77859878540039
26.432592391967773
26.77983856201172
27.45936393737793
27.017900466918945
27.512239456176758
27.191524505615234
25.94710922241211
26.13385772705078
26.219127655029297
25.212970733642578
24.430099487304688
24.766794204711914
26.0007381439209
27.080808639526367
27.74700355529785
28.069555282592773
27.229530334472656
27.088735580444336
26.90830421447754
25.639713287353516
24.380640029907227
23.36350440979004
23.74543571472168
25.037120819091797
25.97488784790039
26.99729347229004
27.593114852905273
28.103986740112305
27.579452514648438
27.540199279785156
26.56778335571289
25.80298614501953
24.610498428344727
23.640987396240234
23.736465454101562
24.154300689697266
25.19713020324707
26.445112228393555
27.88521385192871
29.2879695892334
28.025020599365234
27.46608543395996
26.764015197753906
25.753419876098633
24.872325897216797
23.854000091552734
23.458955764770508
24.01951789855957
24.94648551940918
26.432607650756836
27.184635162353516
27.288434982299805
27.00653076171875
26.574188232421875
25.81629180908203
24.878713607788086
24.11453628540039
23.747344970703125
23.692548751831055
24.29239273071289
25.117578506469727
26.33133888244629
27.41277503967285
27.516887664794922
27.863767623901367
27.569766998291016
26.894695281982422
25.41211700439453
24.272294998168945
22.99620819091797
22.593929290771484
23.48333740234375
25.289409637451172
26.413127899169922
27.44407081604004
28.216304779052734
28.390155792236328
27.756921768188477
26.243602752685547
24.90273666381836
23.968585968017578
23.209260940551758
23.014760971069336
23.463302612304688
24.332979202270508
25.52895164489746
26.403478622436523
27.29482650756836
27.734188079833984
27.489992141723633
27.36275863647461
26.213783264160156
24.685501098632812
24.215316772460938
24.774028778076172
25.389604568481445
25.740577697753906
26.84927749633789
27.225421905517578
27.301605224609375
27.711519241333008
27.644460678100586
26.804710388183594
25.09664535522461
23.635107040405273
23.049104690551758
23.068815231323242
23.93734359741211
24.84613609313965
26.62877082824707
27.214826583862305
27.232975006103516
27.0225887298584
27.085912704467773
26.08976173400879
24.692373275756836
23.699766159057617
22.897945404052734
22.959003448486328
23.497817993164062
25.06928062438965
26.360246658325195
27.09278678894043
27.605262756347656
27.436050415039062
27.714336395263672
27.06656265258789
26.15996742248535
25.329978942871094
24.555341720581055
24.474212646484375
24.83298683166504
26.033401489257812
27.220272064208984
27.74163246154785
28.149995803833008
27.816219329833984
27.036968231201172
25.720481872558594
24.89577293395996
24.082775115966797
23.35291862487793
23.826583862304688
24.29682731628418
26.34147834777832
27.3546199798584
28.083280563354492
28.37138557434082
27.85318374633789
27.356969833374023
26.334413528442383
25.29001235961914
24.358814239501953
23.181194305419922
22.980165481567383
23.88727569580078
25.12714958190918
26.285083770751953
27.3675537109375
28.7634220123291
28.55600929260254
28.166133880615234
27.537612915039062
26.335798263549805
24.583436965942383
22.259838104248047
23.21922492980957
25.94443702697754
26.923187255859375
27.88614273071289
28.60681915283203
29.41921043395996
29.229068756103516
28.59795570373535
28.0697021484375
27.529254913330078
25.799745559692383
24.66509437561035
24.234947204589844
24.8691463470459
26.365781784057617
28.11990737915039
28.10774040222168
28.67458152770996
29.07098960876465
27.47260856628418
26.672691345214844
26.293621063232422
24.9100399017334
24.049097061157227
23.526491165161133
24.93587303161621
26.114282608032227
26.668121337890625
27.454021453857422
27.676246643066406
28.293310165405273
27.486169815063477
26.45691680908203
25.470521926879883
24.56061553955078
23.74873161315918
23.77388572692871
24.654674530029297
25.216190338134766
26.158185958862305
27.757619857788086
27.818988800048828
28.101980209350586
28.01936149597168
28.524221420288086
24.95447540283203
23.849884033203125
23.403396606445312
23.3441162109375
23.919538497924805
25.313798904418945
26.66511344909668
26.801658630371094
27.794633865356445
27.815156936645508
28.761455535888672
26.905698776245117
25.728878021240234
24.620561599731445
23.974735260009766
24.187124252319336
24.74954605102539
25.627195358276367
26.66184425354004
28.637834548950195
28.56434440612793
28.196243286132812
27.01222801208496
25.563739776611328
24.8255672454834
23.851308822631836
23.191625595092773
22.729135513305664
23.33165168762207
24.64459991455078
26.427440643310547
27.079893112182617
27.49765968322754
27.68885040283203
27.226642608642578
26.189016342163086
25.190196990966797
24.196609497070312
22.933292388916016
22.992534637451172
23.242748260498047
24.14508056640625
25.532894134521484
26.706771850585938
27.43402099609375
28.121641159057617
28.32444190979004
27.53795623779297
26.31686782836914
25.127920150756836
24.43492317199707
24.79071617126465
25.3536376953125
26.489465713500977
27.320077896118164
28.485708236694336
28.318300247192383
27.78736114501953
27.359769821166992
26.67589569091797
25.827293395996094
24.880779266357422
24.179826736450195
23.143762588500977
24.01787757873535
25.012378692626953
25.97551155090332
26.3675537109375
27.497404098510742
27.818777084350586
27.287885665893555
26.039331436157227
24.57380485534668
22.717622756958008
22.871063232421875
22.438201904296875
22.660614013671875
23.887083053588867
25.45351791381836
27.004392623901367
27.987407684326172
27.556428909301758
27.258338928222656
26.520994186401367
25.780759811401367
24.315752029418945
24.063261032104492
24.08774757385254
24.649423599243164
25.449695587158203
26.41918182373047
27.388402938842773
27.950820922851562
27.919628143310547
27.55427360534668
26.127779006958008
24.713441848754883
23.60051918029785
22.880117416381836
22.523212432861328
22.853853225708008
23.99170684814453
25.472759246826172
27.05088996887207
27.18007469177246
27.3702392578125
27.298812866210938
26.811744689941406
25.387374877929688
24.45746421813965
23.160358428955078
22.903972625732422
23.44907569885254
24.71466827392578
26.375123977661133
27.66561508178711
28.105302810668945
27.710416793823242
27.263832092285156
25.94659423828125
25.13399314880371
23.98421859741211
23.540956497192383
23.607994079589844
24.856287002563477
25.316896438598633
26.274198532104492
27.681411743164062
28.34180450439453
28.21739959716797
27.986392974853516
26.9831600189209
25.3613338470459
24.638986587524414
23.378986358642578
23.305770874023438
23.84200668334961
25.172149658203125
26.86347198486328
27.981767654418945
27.757469177246094
27.946138381958008
27.517900466918945
27.02491569519043
25.88003158569336
24.523107528686523
23.165637969970703
23.20828628540039
23.64467430114746
24.984851837158203
26.37051773071289
26.78675651550293
27.203937530517578
27.8531436920166
27.024978637695312
26.63572883605957
25.550365447998047
24.279808044433594
24.0900936126709
24.523361206054688
24.553701400756836
25.629108428955078
26.548053741455078
27.281896591186523
28.201824188232422
27.7445068359375
26.72941780090332
26.14471435546875
25.525972366333008
23.851964950561523
23.910703659057617
23.277729034423828
24.388914108276367
25.773096084594727
26.678993225097656
27.22307014465332
27.65404510498047
27.484725952148438
27.355785369873047
26.296823501586914
24.7670841217041
23.454814910888672
22.851408004760742
22.463211059570312
23.04491424560547
24.421537399291992
25.430068969726562
27.18874740600586
27.749309539794922
27.693225860595703
27.447675704956055
26.58861541748047
25.15134620666504
24.355466842651367
23.739301681518555
23.364437103271484
24.014360427856445
24.840696334838867
26.35301399230957
27.247581481933594
27.305572509765625
27.722286224365234
27.6068172454834
26.540056228637695
25.148544311523438
24.047998428344727
23.051889419555664
22.995187759399414
23.481678009033203
24.437808990478516
26.293012619018555
27.491050720214844
27.686426162719727
27.90991973876953
27.431264877319336
27.25181007385254
26.11038589477539
24.606351852416992
23.413917541503906
22.724809646606445
23.467914581298828
24.032737731933594
25.536497116088867
26.980979919433594
27.757896423339844
27.59552001953125
27.43007469177246
26.186485290527344
24.842926025390625
24.122713088989258
23.936260223388672
24.16631507873535
25.595090866088867
26.075119018554688
26.791454315185547
27.220745086669922
27.95432472229004
28.260395050048828
27.963773727416992
26.98602867126465
25.503936767578125
24.630508422851562
24.206096649169922
24.35393714904785
24.904441833496094
26.090349197387695
26.78772735595703
27.53148651123047
27.767526626586914
27.729949951171875
27.524410247802734
26.633935928344727
25.22774314880371
24.0706729888916
23.920276641845703
24.07478904724121
24.63568115234375
25.708606719970703
26.88337516784668
27.847423553466797
28.118921279907227
27.808258056640625
27.26479148864746
25.53568458557129
25.178037643432617
24.01675033569336
23.289939880371094
22.913022994995117
22.80223274230957
24.617475509643555
26.4996280670166
27.59653663635254
27.641414642333984
28.05756187438965
27.939359664916992
26.6854305267334
25.65669822692871
24.0012149810791
22.978893280029297
23.04149627685547
23.363439559936523
24.111572265625
25.429851531982422
26.88416290283203
27.58185386657715
27.352386474609375
27.126972198486328
25.726898193359375
25.13717269897461
24.225923538208008
23.731664657592773
23.521089553833008
23.676952362060547
24.547433853149414
25.389205932617188
27.279876708984375
28.103866577148438
27.769207000732422
27.060325622558594
25.958702087402344
25.012887954711914
24.4183349609375
23.695528030395508
23.25994873046875
23.709375381469727
24.80227279663086
26.080455780029297
27.375858306884766
27.567935943603516
27.515064239501953
27.339130401611328
26.414384841918945
25.39671516418457
24.247575759887695
23.321468353271484
22.97340965270996
23.69843292236328
25.316425323486328
26.609594345092773
27.752193450927734
27.924930572509766
27.617530822753906
26.894695281982422
25.749853134155273
25.197994232177734
24.37228012084961
23.1207218170166
22.629915237426758
23.018381118774414
24.960100173950195
26.475900650024414
27.81346321105957
28.44344139099121
28.64446258544922
28.273086547851562
27.21303367614746
25.986705780029297
24.813720703125
23.73385238647461
23.527162551879883
24.31499671936035
25.031354904174805
26.16558837890625
27.036968231201172
27.891510009765625
27.585935592651367
26.961162567138672
25.786964416503906
24.765926361083984
23.433475494384766
22.913515090942383
22.340621948242188
23.2455997467041
24.399433135986328
25.546398162841797
27.401010513305664
28.18174171447754
28.01651954650879
27.427593231201172
26.747112274169922
25.741506576538086
24.254613876342773
23.695247650146484
23.80158233642578
24.18863868713379
25.362285614013672
26.26912498474121
27.588180541992188
27.86261749267578
28.056224822998047
27.99370765686035
26.74410057067871
25.512277603149414
24.661890029907227
23.79964256286621
23.252948760986328
23.611543655395508
24.764705657958984
26.639190673828125
27.416259765625
28.224868774414062
27.953550338745117
27.15645408630371
26.485187530517578
24.763042449951172
23.50101661682129
23.114971160888672
23.25087547302246
24.361774444580078
25.56777572631836
26.65003776550293
27.511035919189453
27.668527603149414
27.85639190673828
27.706735610961914
26.09796714782715
24.50570297241211
23.392656326293945
22.74020767211914
23.118789672851562
23.64312171936035
24.64038848876953
26.447114944458008
27.652708053588867
27.46844482421875
27.623855590820312
26.975589752197266
26.10292625427246
24.968347549438477
23.666316986083984
22.991342544555664
23.029863357543945
23.609878540039062
24.985363006591797
25.99974822998047
26.831491470336914
28.06248664855957
28.1870174407959
27.926591873168945
26.69038963317871
25.878597259521484
24.737239837646484
24.282014846801758
23.74852752685547
24.488088607788086
25.319913864135742
26.57587432861328
27.937389373779297
27.647220611572266
27.831321716308594
27.544872283935547
26.843738555908203
24.860197067260742
23.766380310058594
22.65440559387207
22.620155334472656
23.357656478881836
25.139585494995117
26.101831436157227
27.312883377075195
27.723928451538086
27.40694808959961
27.566543579101562
26.6767520904541
25.174884796142578
24.19956398010254
23.71849250793457
23.17108917236328
24.238521575927734
25.28436851501465
26.350414276123047
27.57620620727539
27.44561004638672
27.350055694580078
26.959360122680664
26.444473266601562
24.874406814575195
24.205188751220703
23.848756790161133
23.71697235107422
23.768075942993164
25.007625579833984
26.85601806640625
27.90854835510254
28.461597442626953
28.583459854125977
27.77381134033203
26.48834800720215
25.057838439941406
23.778900146484375
23.1556396484375
23.155216217041016
23.96408462524414
24.777212142944336
26.268903732299805
27.488842010498047
28.13969612121582
28.149484634399414
27.448089599609375
26.561857223510742
25.21253776550293
24.235166549682617
23.673093795776367
23.95720100402832
24.15644645690918
25.547632217407227
26.607454299926758
27.10784339904785
27.547163009643555
27.61158561706543
26.815887451171875
26.24175453186035
25.25347137451172
24.17368507385254
23.36367416381836
23.27559471130371
23.7456111907959
24.78264617919922
26.27001190185547
27.53937530517578
28.134321212768555
28.73187828063965
28.136096954345703
27.462543487548828
26.2761287689209
24.824560165405273
23.99974822998047
23.766788482666016
23.595478057861328
25.13288116455078
26.691452026367188
27.390949249267578
27.710710525512695
27.871606826782227
27.607755661010742
26.780029296875
25.301898956298828
23.836162567138672
23.484752655029297
23.106786727905273
23.287185668945312
24.176280975341797
26.00016975402832
27.987751007080078
28.34456443786621
28.23211669921875
27.850688934326172
27.12816619873047
25.619796752929688
24.227022171020508
23.379093170166016
23.370134353637695
23.774442672729492
24.696739196777344
26.3687801361084
27.20449447631836
28.13003158569336
28.322002410888672
28.230480194091797
27.796533584594727
26.081750869750977
24.9710636138916
23.676143646240234
23.45868492126465
24.11786460876465
24.8883056640625
26.0518856048584
27.46155548095703
28.460947036743164
28.658662796020508
28.062313079833984
27.61301040649414
26.302860260009766
25.482379913330078
24.409889221191406
24.14650535583496
24.690738677978516
25.34272003173828
26.263851165771484
27.581886291503906
27.717864990234375
27.928691864013672
27.175649642944336
26.631484985351562
25.84568214416504
24.47435760498047
24.034685134887695
23.79002571105957
25.126365661621094
25.879737854003906
27.2030086517334
27.96031951904297
28.045917510986328
28.29388427734375
27.770505905151367
26.733686447143555
25.72691535949707
25.160179138183594
24.5150203704834
24.296159744262695
24.157543182373047
24.826831817626953
25.98223114013672
27.468578338623047
28.282390594482422
28.427457809448242
28.288759231567383
26.879789352416992
25.72108268737793
24.418439865112305
23.273387908935547
23.502307891845703
25.07415008544922
25.54537582397461
26.791887283325195
27.62173843383789
28.786911010742188
28.94516944885254
28.883811950683594
27.893280029296875
26.935503005981445
24.125438690185547
23.271968841552734
23.5430908203125
24.06629753112793
24.785778045654297
25.553930282592773
26.40763282775879
27.0806941986084
27.326820373535156
27.150142669677734
26.498106002807617
25.393449783325195
24.28374671936035
23.92511749267578
23.986711502075195
23.762496948242188
25.050565719604492
26.27020263671875
26.97623634338379
27.679096221923828
28.068422317504883
27.16206169128418
26.60671043395996
24.88344955444336
23.702442169189453
23.24262237548828
23.152910232543945
23.28765106201172
25.099063873291016
26.455673217773438
27.56361961364746
27.352684020996094
27.41878318786621
27.19199562072754
26.306697845458984
24.911149978637695
23.45676612854004
23.021705627441406
22.638290405273438
23.208898544311523
24.827762603759766
26.35979652404785
27.01129913330078
27.474430084228516
27.97150230407715
27.43141746520996
26.996143341064453
25.807369232177734
24.857791900634766
24.246036529541016
23.458101272583008
23.542579650878906
24.93703842163086
26.28291130065918
26.670482635498047
27.68132781982422
27.967857360839844
27.242116928100586
26.256999969482422
25.3076114654541
24.312870025634766
23.426265716552734
23.52010726928711
24.09563636779785
24.973953247070312
25.907615661621094
27.616220474243164
28.358901977539062
28.20258903503418
27.48597526550293
26.8222599029541
25.335601806640625
24.146852493286133
23.51801872253418
23.639110565185547
24.49897003173828
25.682857513427734
27.33149528503418
28.165977478027344
28.164175033569336
27.919885635375977
27.431011199951172
26.495508193969727
25.490230560302734
24.500425338745117
23.61591148376465
23.385305404663086
23.67928123474121
25.327011108398438
26.811635971069336
27.851552963256836
28.099828720092773
28.272825241088867
28.333127975463867
27.022823333740234
25.29344367980957
24.284605026245117
23.571643829345703
23.3425235748291
23.424436569213867
24.692960739135742
26.343320846557617
26.980384826660156
27.67583656311035
27.809951782226562
27.00293731689453
26.386493682861328
25.305522918701172
24.13521957397461
23.08152198791504
23.547086715698242
23.956005096435547
25.4003849029541
26.7005615234375
27.932069778442383
27.956058502197266
27.71798324584961
27.71304702758789
26.8998966217041
26.152502059936523
24.94466781616211
24.18456268310547
24.164255142211914
24.24717140197754
25.415138244628906
27.029502868652344
27.9755916595459
28.147111892700195
28.055265426635742
27.60484504699707
26.87188148498535
25.828100204467773
24.289989471435547
23.50012969970703
23.512521743774414
23.6004695892334
24.998882293701172
26.715652465820312
27.75350570678711
28.138010025024414
28.6414852142334
28.47707748413086
26.9288387298584
25.952224731445312
24.892169952392578
24.173076629638672
24.225339889526367
24.53447151184082
25.661067962646484
26.582796096801758
27.780963897705078
28.158340454101562
28.19381332397461
27.834957122802734
26.648714065551758
25.544755935668945
24.061782836914062
23.422832489013672
23.46644401550293
23.90421485900879
25.114089965820312
26.833194732666016
28.112651824951172
28.525632858276367
28.76259994506836
27.81399917602539
27.040016174316406
26.089330673217773
24.708309173583984
24.04881477355957
23.460725784301758
24.282838821411133
25.3443603515625
27.121559143066406
27.12018585205078
27.304414749145508
28.020511627197266
27.43618392944336
26.724075317382812
25.458011627197266
24.230905532836914
23.537017822265625
23.533466339111328
23.964614868164062
24.99146270751953
26.45099639892578
27.878854751586914
28.737579345703125
28.539731979370117
27.87417221069336
26.62006187438965
25.694278717041016
24.87615203857422
23.761999130249023
23.518779754638672
24.39802360534668
25.697023391723633
26.93922233581543
27.739713668823242
28.2706356048584
28.535030364990234
28.206066131591797
26.889251708984375
25.984159469604492
24.503150939941406
23.406139373779297
23.56595802307129
24.065719604492188
24.788419723510742
26.09805679321289
27.136869430541992
28.167638778686523
28.517223358154297
28.25539207458496
27.311504364013672
26.05336570739746
25.18665885925293
24.8505859375
24.14356231689453
24.693937301635742
26.207338333129883
26.844818115234375
27.511192321777344
28.019704818725586
27.809720993041992
27.334327697753906
26.405872344970703
25.63828468322754
24.539077758789062
23.060625076293945
22.98140525817871
23.932100296020508
24.711984634399414
26.06964111328125
26.791828155517578
27.25392723083496
28.0856990814209
27.716487884521484
26.728574752807617
25.476238250732422
24.284149169921875
23.64155387878418
23.472318649291992
24.248329162597656
24.790916442871094
25.906044006347656
26.861942291259766
27.86198616027832
27.601612091064453
27.596769332885742
26.230247497558594
25.148658752441406
24.12706756591797
23.4727783203125
23.755434036254883
24.280555725097656
25.334558486938477
26.568517684936523
27.66745376586914
28.103715896606445
27.572301864624023
27.85969352722168
27.42521858215332
26.382701873779297
24.85942268371582
24.025588989257812
24.23076629638672
24.52410888671875
25.52280044555664
27.068151473999023
27.81454849243164
28.130931854248047
28.103208541870117
27.969226837158203
27.358938217163086
26.253154754638672
25.250429153442383
24.234874725341797
24.102310180664062
24.638315200805664
25.320798873901367
27.091161727905273
28.591238021850586
29.129596710205078
28.83043098449707
28.780595779418945
27.378684997558594
26.248443603515625
25.021398544311523
24.290950775146484
24.520994186401367
25.074514389038086
26.319141387939453
27.76999855041504
27.90192222595215
28.86294174194336
28.618297576904297
27.899423599243164
26.538169860839844
25.764400482177734
24.77726936340332
23.835718154907227
24.397789001464844
25.36037826538086
26.853923797607422
27.83182144165039
28.28664779663086
28.608951568603516
28.21367645263672
27.68368911743164
26.589733123779297
25.145862579345703
23.988489151000977
23.802366256713867
23.775243759155273
24.206195831298828
25.443906784057617
26.70310401916504
27.369531631469727
28.643457412719727
28.980222702026367
28.54538917541504
27.41648292541504
26.594181060791016
25.586668014526367
24.78546714782715
24.944324493408203
25.36025047302246
26.25822639465332
27.445987701416016
28.089632034301758
28.32404136657715
28.23305320739746
27.600461959838867
27.087100982666016
25.833538055419922
24.479219436645508
23.842731475830078
23.8974666595459
24.756088256835938
25.865142822265625
26.991971969604492
27.81460952758789
28.29348373413086
28.132978439331055
28.462182998657227
27.655834197998047
26.475961685180664
24.940231323242188
24.38344383239746
24.523046493530273
24.983131408691406
25.74930763244629
27.00763702392578
27.63409423828125
28.165851593017578
27.777767181396484
27.77634048461914
27.059236526489258
25.506072998046875
24.510698318481445
23.70754051208496
23.516616821289062
23.88299560546875
25.36650276184082
27.52550506591797
28.613725662231445
28.629661560058594
28.572696685791016
28.163930892944336
27.519004821777344
26.270336151123047
24.84772491455078
23.75236701965332
23.708391189575195
24.33822250366211
25.070043563842773
26.650745391845703
27.334989547729492
28.257972717285156
28.26266098022461
27.83106231689453
27.381759643554688
26.13852310180664
25.40739631652832
24.614673614501953
24.337688446044922
24.620685577392578
25.035722732543945
26.594036102294922
27.898962020874023
27.82969856262207
28.175085067749023
27.992664337158203
27.025196075439453
26.225765228271484
24.915996551513672
23.916748046875
23.69412612915039
24.1637020111084
25.59506607055664
26.70258903503418
28.164344787597656
28.359407424926758
28.46587562561035
28.259113311767578
26.879838943481445
25.921979904174805
25.026269912719727
24.044994354248047
23.73491859436035
24.322568893432617
25.7161922454834
27.148822784423828
27.70302391052246
27.91839027404785
28.514266967773438
27.99700355529785
27.54262924194336
26.278902053833008
25.680713653564453
25.01964569091797
24.519737243652344
24.956317901611328
25.921411514282227
27.017841339111328
28.312166213989258
28.658588409423828
28.425085067749023
28.23478889465332
26.982250213623047
25.81348419189453
24.615856170654297
23.676694869995117
23.230369567871094
23.792049407958984
24.47085189819336
25.585853576660156
27.456144332885742
28.141311645507812
28.081579208374023
28.169015884399414
27.843360900878906
26.638235092163086
25.296754837036133
24.247894287109375
24.10283660888672
24.828536987304688
26.04090118408203
27.43606948852539
27.65700340270996
28.334383010864258
28.174659729003906
27.99066162109375
27.080337524414062
26.020130157470703
24.532928466796875
23.868112564086914
24.03835105895996
24.973796844482422
25.603839874267578
26.93062973022461
28.109556198120117
28.79496955871582
28.50686264038086
28.092472076416016
27.471031188964844
26.302719116210938
24.810333251953125
23.638538360595703
23.718122482299805
24.39828109741211
25.702880859375
27.206256866455078
28.551837921142578
28.70714569091797
28.549104690551758
28.19999885559082
27.10489845275879
26.364538192749023
25.170103073120117
24.466697692871094
24.578943252563477
24.729337692260742
26.42112159729004
27.32332420349121
28.010801315307617
28.90292739868164
28.564836502075195
27.903627395629883
26.95374298095703
26.202064514160156
25.097373962402344
24.04778480529785
24.10274314880371
24.465126037597656
25.853532791137695
27.261459350585938
27.910797119140625
28.507978439331055
28.659820556640625
27.95587730407715
27.522375106811523
26.41330909729004
24.967134475708008
24.579648971557617
24.63768196105957
25.264814376831055
26.830835342407227
27.74147605895996
28.11599349975586
28.815155029296875
28.214731216430664
27.746416091918945
27.15081787109375
26.044960021972656
24.831356048583984
24.55671501159668
23.991029739379883
24.875099182128906
26.04546546936035
27.176025390625
27.725669860839844
28.04834747314453
28.647554397583008
28.033199310302734
27.496150970458984
26.600679397583008
25.180747985839844
24.462697982788086
24.2050838470459
24.12902069091797
25.188608169555664
26.709604263305664
27.892417907714844
28.36944007873535
28.03505516052246
27.462453842163086
26.446199417114258
25.262540817260742
24.291810989379883
23.9149227142334
23.89494514465332
24.36393928527832
25.483936309814453
26.581850051879883
27.657800674438477
28.08822250366211
28.653038024902344
28.02474594116211
27.096773147583008
26.147117614746094
24.823986053466797
23.98060417175293
24.18575668334961
25.191518783569336
25.28251075744629
26.53152084350586
27.599855422973633
27.9128360748291
27.959156036376953
27.92835235595703
26.595230102539062
25.78370475769043
25.105518341064453
24.627483367919922
24.52219581604004
24.4403133392334
25.531803131103516
27.05626106262207
27.47876739501953
28.27603530883789
28.38751983642578
27.730745315551758
26.445295333862305
25.73245620727539
24.8624210357666
23.925804138183594
23.767364501953125
24.138757705688477
25.58443832397461
27.096622467041016
27.38767433166504
28.01103973388672
28.710132598876953
27.867773056030273
27.439176559448242
26.50247573852539
25.150848388671875
24.290977478027344
24.158945083618164
24.720016479492188
25.746973037719727
27.714536666870117
28.40888786315918
29.0299015045166
28.73991584777832
28.108829498291016
27.647733688354492
26.5036678314209
25.19579315185547
24.75733184814453
24.613691329956055
25.0093994140625
25.986135482788086
27.025392532348633
28.100200653076172
27.975948333740234
28.333791732788086
27.490434646606445
26.44926643371582
25.324018478393555
24.541683197021484
23.909984588623047
23.56028938293457
24.256729125976562
25.091291427612305
26.374309539794922
28.440637588500977
28.152254104614258
29.048734664916992
28.689002990722656
27.79486846923828
26.859445571899414
25.830707550048828
25.508869171142578
25.444427490234375
25.97269058227539
27.090547561645508
27.664966583251953
27.97432518005371
28.751354217529297
28.441417694091797
28.706787109375
27.70008659362793
25.905670166015625
24.83503532409668
23.931673049926758
23.632532119750977
24.34276008605957
25.528152465820312
26.685314178466797
27.342845916748047
28.08896255493164
27.955671310424805
27.802616119384766
27.176870346069336
26.19877815246582
24.40951919555664
23.292695999145508
23.906721115112305
24.757688522338867
25.871257781982422
27.111127853393555
27.388065338134766
27.942441940307617
28.131162643432617
28.24055290222168
27.16447639465332
26.077295303344727
25.157554626464844
24.094823837280273
23.81251335144043
24.857803344726562
26.30690574645996
27.667394638061523
28.6284236907959
29.306156158447266
29.155319213867188
28.468233108520508
27.997295379638672
26.329652786254883
25.447044372558594
24.089506149291992
24.102676391601562
25.106245040893555
26.332551956176758
27.07796859741211
28.255037307739258
28.583951950073242
29.01941680908203
28.548015594482422
27.6733455657959
26.402019500732422
25.680160522460938
24.69729232788086
24.3935546875
25.106653213500977
26.254234313964844
26.935758590698242
27.968212127685547
28.80829429626465
29.169036865234375
28.6929874420166
27.599645614624023
26.55940818786621
25.05450439453125
24.14276123046875
23.816957473754883
24.495405197143555
25.735145568847656
26.976409912109375
28.046653747558594
28.525123596191406
28.96507453918457
28.44770050048828
27.10477638244629
26.01590919494629
25.030122756958008
24.46196174621582
24.46955680847168
24.7315616607666
26.186643600463867
27.467697143554688
28.78133201599121
28.900012969970703
28.76394271850586
27.997343063354492
27.696704864501953
26.252971649169922
25.104732513427734
24.17971420288086
23.782020568847656
24.287364959716797
24.56382942199707
26.230327606201172
27.137922286987305
28.169042587280273
28.099220275878906
27.80437469482422
27.00333595275879
26.184099197387695
25.388566970825195
24.158977508544922
23.856719970703125
24.54022789001465
25.898767471313477
26.87713623046875
27.847543716430664
28.416725158691406
28.430740356445312
27.793811798095703
26.91830825805664
25.443687438964844
24.503767013549805
23.941864013671875
23.994375228881836
24.829357147216797
25.893476486206055
27.493793487548828
28.640064239501953
28.612123489379883
28.361116409301758
28.148605346679688
27.37156105041504
26.29608154296875
25.188060760498047
24.51119041442871
24.752676010131836
25.344615936279297
26.2055721282959
26.749181747436523
28.062606811523438
28.330198287963867
28.774980545043945
28.422718048095703
27.497682571411133
26.504562377929688
25.658533096313477
24.801124572753906
24.907575607299805
25.937602996826172
26.737829208374023
27.677453994750977
28.843355178833008
28.69864845275879
28.542078018188477
28.16262435913086
27.133785247802734
25.5830020904541
24.510210037231445
23.873517990112305
24.061756134033203
24.36165428161621
25.854280471801758
27.051088333129883
28.058815002441406
28.25985336303711
28.801700592041016
28.398452758789062
27.20555305480957
26.18645477294922
24.742948532104492
24.241037368774414
23.93037223815918
24.77983856201172
25.73755645751953
26.772550582885742
27.916845321655273
28.349876403808594
28.62040901184082
27.816499710083008
27.160978317260742
26.07861328125
24.884477615356445
24.212303161621094
24.141592025756836
24.948123931884766
25.969409942626953
27.193117141723633
27.96213150024414
28.349079132080078
28.022010803222656
27.98849868774414
27.44951629638672
26.337406158447266
25.37029457092285
24.41127586364746
24.051652908325195
24.375215530395508
25.26714324951172
26.648544311523438
28.168718338012695
28.80813217163086
28.679672241210938
28.682111740112305
27.819976806640625
26.580711364746094
25.43885040283203
24.553009033203125
24.049293518066406
24.76374053955078
25.3955078125
26.964279174804688
27.94049835205078
28.889698028564453
29.375886917114258
29.13617515563965
28.28782081604004
27.209884643554688
26.208450317382812
25.346513748168945
24.973007202148438
25.660743713378906
26.64875030517578
27.488117218017578
27.984743118286133
28.935832977294922
28.804349899291992
28.595796585083008
27.566986083984375
26.453962326049805
25.50255012512207
24.86286163330078
24.941730499267578
25.233339309692383
26.764585494995117
27.3716983795166
