27.9305419921875
28.782791137695312
27.36502456665039
27.165098190307617
26.736764907836914
28.70846939086914
28.435794830322266
28.21047019958496
28.645936965942383
28.846038818359375
30.712482452392578
30.020633697509766
28.802709579467773
30.307950973510742
26.807632446289062
28.276304244995117
28.526655197143555
28.140541076660156
27.998050689697266
29.23224449157715
27.752378463745117
28.29753875732422
28.94120979309082
27.883560180664062
28.302793502807617
27.191524505615234
27.74700355529785
27.593114852905273
28.025020599365234
27.184635162353516
27.569766998291016
28.216304779052734
27.489992141723633
27.644460678100586
27.214826583862305
27.436050415039062
27.816219329833984
28.083280563354492
28.55600929260254
29.229068756103516
28.67458152770996
27.676246643066406
28.01936149597168
27.815156936645508
28.56434440612793
27.49765968322754
28.121641159057617
28.318300247192383
27.497404098510742
27.556428909301758
27.919628143310547
27.298812866210938
27.710416793823242
28.21739959716797
27.757469177246094
27.203937530517578
27.7445068359375
27.484725952148438
27.693225860595703
27.6068172454834
27.686426162719727
27.59552001953125
27.963773727416992
27.729949951171875
27.847423553466797
27.939359664916992
27.352386474609375
27.769207000732422
27.515064239501953
27.752193450927734
28.44344139099121
27.585935592651367
28.01651954650879
27.99370765686035
27.953550338745117
27.706735610961914
27.46844482421875
28.06248664855957
27.647220611572266
27.40694808959961
27.44561004638672
28.461597442626953
28.13969612121582
27.547163009643555
28.136096954345703
27.710710525512695
28.23211669921875
28.230480194091797
28.460947036743164
27.717864990234375
28.045917510986328
28.288759231567383
28.883811950683594
27.150142669677734
27.679096221923828
27.352684020996094
27.474430084228516
27.68132781982422
28.20258903503418
28.164175033569336
28.272825241088867
27.67583656311035
27.932069778442383
28.055265426635742
28.47707748413086
28.158340454101562
28.525632858276367
27.43618392944336
28.539731979370117
28.2706356048584
28.25539207458496
27.809720993041992
27.716487884521484
27.601612091064453
27.66745376586914
28.103208541870117
28.83043098449707
28.618297576904297
28.28664779663086
28.643457412719727
28.23305320739746
28.132978439331055
27.777767181396484
28.613725662231445
28.257972717285156
27.992664337158203
28.359407424926758
27.99700355529785
28.425085067749023
28.081579208374023
28.174659729003906
28.50686264038086
28.551837921142578
28.564836502075195
28.507978439331055
28.214731216430664
28.04834747314453
28.03505516052246
28.08822250366211
27.92835235595703
28.27603530883789
28.01103973388672
28.73991584777832
27.975948333740234
28.689002990722656
28.441417694091797
27.955671310424805
28.131162643432617
29.155319213867188
28.583951950073242
28.80829429626465
28.525123596191406
28.78133201599121
28.099220275878906
28.416725158691406
28.612123489379883
28.422718048095703
28.69864845275879
28.398452758789062
28.349876403808594
28.022010803222656
28.679672241210938
29.13617515563965
