19723.0
19754.0
19782.0
19813.0
19843.0
19874.0
19904.0
19935.0
19966.0
19996.0
20027.0
20057.0
20088.0
20119.0
20147.0
20178.0
20208.0
20239.0
20269.0
20300.0
20331.0
20361.0
20392.0
20422.0
20453.0
20484.0
20513.0
20544.0
20574.0
20605.0
20635.0
20666.0
20697.0
20727.0
20758.0
20788.0
20819.0
20850.0
20878.0
20909.0
20939.0
20970.0
21000.0
21031.0
21062.0
21092.0
21123.0
21153.0
21184.0
21215.0
21243.0
21274.0
21304.0
21335.0
21365.0
21396.0
21427.0
21457.0
21488.0
21518.0
21549.0
21580.0
21608.0
21639.0
21669.0
21700.0
21730.0
21761.0
21792.0
21822.0
21853.0
21883.0
21914.0
21945.0
21974.0
22005.0
22035.0
22066.0
22096.0
22127.0
22158.0
22188.0
22219.0
22249.0
22280.0
22311.0
22339.0
22370.0
22400.0
22431.0
22461.0
22492.0
22523.0
22553.0
22584.0
22614.0
22645.0
22676.0
22704.0
22735.0
22765.0
22796.0
22826.0
22857.0
22888.0
22918.0
22949.0
22979.0
23010.0
23041.0
23069.0
23100.0
23130.0
23161.0
23191.0
23222.0
23253.0
23283.0
23314.0
23344.0
23375.0
23406.0
23435.0
23466.0
23496.0
23527.0
23557.0
23588.0
23619.0
23649.0
23680.0
23710.0
23741.0
23772.0
23800.0
23831.0
23861.0
23892.0
23922.0
23953.0
23984.0
24014.0
24045.0
24075.0
24106.0
24137.0
24165.0
24196.0
24226.0
24257.0
24287.0
24318.0
24349.0
24379.0
24410.0
24440.0
24471.0
24502.0
24530.0
24561.0
24591.0
24622.0
24652.0
24683.0
24714.0
24744.0
24775.0
24805.0
24836.0
24867.0
24896.0
24927.0
24957.0
24988.0
25018.0
25049.0
25080.0
25110.0
25141.0
25171.0
25202.0
25233.0
25261.0
25292.0
25322.0
25353.0
25383.0
25414.0
25445.0
25475.0
25506.0
25536.0
25567.0
25598.0
25626.0
25657.0
25687.0
25718.0
25748.0
25779.0
25810.0
25840.0
25871.0
25901.0
25932.0
25963.0
25991.0
26022.0
26052.0
26083.0
26113.0
26144.0
26175.0
26205.0
26236.0
26266.0
26297.0
26328.0
26357.0
26388.0
26418.0
26449.0
26479.0
26510.0
26541.0
26571.0
26602.0
26632.0
26663.0
26694.0
26722.0
26753.0
26783.0
26814.0
26844.0
26875.0
26906.0
26936.0
26967.0
26997.0
27028.0
27059.0
27087.0
27118.0
27148.0
27179.0
27209.0
27240.0
27271.0
27301.0
27332.0
27362.0
27393.0
27424.0
27452.0
27483.0
27513.0
27544.0
27574.0
27605.0
27636.0
27666.0
27697.0
27727.0
27758.0
27789.0
27818.0
27849.0
27879.0
27910.0
27940.0
27971.0
28002.0
28032.0
28063.0
28093.0
28124.0
28155.0
28183.0
28214.0
28244.0
28275.0
28305.0
28336.0
28367.0
28397.0
28428.0
28458.0
28489.0
28520.0
28548.0
28579.0
28609.0
28640.0
28670.0
28701.0
28732.0
28762.0
28793.0
28823.0
28854.0
28885.0
28913.0
28944.0
28974.0
29005.0
29035.0
29066.0
29097.0
29127.0
29158.0
29188.0
29219.0
29250.0
29279.0
29310.0
29340.0
29371.0
29401.0
29432.0
29463.0
29493.0
29524.0
29554.0
29585.0
29616.0
29644.0
29675.0
29705.0
29736.0
29766.0
29797.0
29828.0
29858.0
29889.0
29919.0
29950.0
29981.0
30009.0
30040.0
30070.0
30101.0
30131.0
30162.0
30193.0
30223.0
30254.0
30284.0
30315.0
30346.0
30374.0
30405.0
30435.0
30466.0
30496.0
30527.0
30558.0
30588.0
30619.0
30649.0
30680.0
30711.0
30740.0
30771.0
30801.0
30832.0
30862.0
30893.0
30924.0
30954.0
30985.0
31015.0
31046.0
31077.0
31105.0
31136.0
31166.0
31197.0
31227.0
31258.0
31289.0
31319.0
31350.0
31380.0
31411.0
31442.0
31470.0
31501.0
31531.0
31562.0
31592.0
31623.0
31654.0
31684.0
31715.0
31745.0
31776.0
31807.0
31835.0
31866.0
31896.0
31927.0
31957.0
31988.0
32019.0
32049.0
32080.0
32110.0
32141.0
32172.0
32201.0
32232.0
32262.0
32293.0
32323.0
32354.0
32385.0
32415.0
32446.0
32476.0
32507.0
32538.0
32566.0
32597.0
32627.0
32658.0
32688.0
32719.0
32750.0
32780.0
32811.0
32841.0
32872.0
32903.0
32931.0
32962.0
32992.0
33023.0
33053.0
33084.0
33115.0
33145.0
33176.0
33206.0
33237.0
33268.0
33296.0
33327.0
33357.0
33388.0
33418.0
33449.0
33480.0
33510.0
33541.0
33571.0
33602.0
33633.0
33662.0
33693.0
33723.0
33754.0
33784.0
33815.0
33846.0
33876.0
33907.0
33937.0
33968.0
33999.0
34027.0
34058.0
34088.0
34119.0
34149.0
34180.0
34211.0
34241.0
34272.0
34302.0
34333.0
34364.0
34392.0
34423.0
34453.0
34484.0
34514.0
34545.0
34576.0
34606.0
34637.0
34667.0
34698.0
34729.0
34757.0
34788.0
34818.0
34849.0
34879.0
34910.0
34941.0
34971.0
35002.0
35032.0
35063.0
35094.0
35123.0
35154.0
35184.0
35215.0
35245.0
35276.0
35307.0
35337.0
35368.0
35398.0
35429.0
35460.0
35488.0
35519.0
35549.0
35580.0
35610.0
35641.0
35672.0
35702.0
35733.0
35763.0
35794.0
35825.0
35853.0
35884.0
35914.0
35945.0
35975.0
36006.0
36037.0
36067.0
36098.0
36128.0
36159.0
36190.0
36218.0
36249.0
36279.0
36310.0
36340.0
36371.0
36402.0
36432.0
36463.0
36493.0
36524.0
36555.0
36583.0
36614.0
36644.0
36675.0
36705.0
36736.0
36767.0
36797.0
36828.0
36858.0
36889.0
36920.0
36948.0
36979.0
37009.0
37040.0
37070.0
37101.0
37132.0
37162.0
37193.0
37223.0
37254.0
37285.0
37313.0
37344.0
37374.0
37405.0
37435.0
37466.0
37497.0
37527.0
37558.0
37588.0
37619.0
37650.0
37678.0
37709.0
37739.0
37770.0
37800.0
37831.0
37862.0
37892.0
37923.0
37953.0
37984.0
38015.0
38044.0
38075.0
38105.0
38136.0
38166.0
38197.0
38228.0
38258.0
38289.0
38319.0
38350.0
38381.0
38409.0
38440.0
38470.0
38501.0
38531.0
38562.0
38593.0
38623.0
38654.0
38684.0
38715.0
38746.0
38774.0
38805.0
38835.0
38866.0
38896.0
38927.0
38958.0
38988.0
39019.0
39049.0
39080.0
39111.0
39139.0
39170.0
39200.0
39231.0
39261.0
39292.0
39323.0
39353.0
39384.0
39414.0
39445.0
39476.0
39505.0
39536.0
39566.0
39597.0
39627.0
39658.0
39689.0
39719.0
39750.0
39780.0
39811.0
39842.0
39870.0
39901.0
39931.0
39962.0
39992.0
40023.0
40054.0
40084.0
40115.0
40145.0
40176.0
40207.0
40235.0
40266.0
40296.0
40327.0
40357.0
40388.0
40419.0
40449.0
40480.0
40510.0
40541.0
40572.0
40600.0
40631.0
40661.0
40692.0
40722.0
40753.0
40784.0
40814.0
40845.0
40875.0
40906.0
40937.0
40966.0
40997.0
41027.0
41058.0
41088.0
41119.0
41150.0
41180.0
41211.0
41241.0
41272.0
41303.0
41331.0
41362.0
41392.0
41423.0
41453.0
41484.0
41515.0
41545.0
41576.0
41606.0
41637.0
41668.0
41696.0
41727.0
41757.0
41788.0
41818.0
41849.0
41880.0
41910.0
41941.0
41971.0
42002.0
42033.0
42061.0
42092.0
42122.0
42153.0
42183.0
42214.0
42245.0
42275.0
42306.0
42336.0
42367.0
42398.0
42427.0
42458.0
42488.0
42519.0
42549.0
42580.0
42611.0
42641.0
42672.0
42702.0
42733.0
42764.0
42792.0
42823.0
42853.0
42884.0
42914.0
42945.0
42976.0
43006.0
43037.0
43067.0
43098.0
43129.0
43157.0
43188.0
43218.0
43249.0
43279.0
43310.0
43341.0
43371.0
43402.0
43432.0
43463.0
43494.0
43522.0
43553.0
43583.0
43614.0
43644.0
43675.0
43706.0
43736.0
43767.0
43797.0
43828.0
43859.0
43888.0
43919.0
43949.0
43980.0
44010.0
44041.0
44072.0
44102.0
44133.0
44163.0
44194.0
44225.0
44253.0
44284.0
44314.0
44345.0
44375.0
44406.0
44437.0
44467.0
44498.0
44528.0
44559.0
44590.0
44618.0
44649.0
44679.0
44710.0
44740.0
44771.0
44802.0
44832.0
44863.0
44893.0
44924.0
44955.0
44983.0
45014.0
45044.0
45075.0
45105.0
45136.0
45167.0
45197.0
45228.0
45258.0
45289.0
45320.0
45349.0
45380.0
45410.0
45441.0
45471.0
45502.0
45533.0
45563.0
45594.0
45624.0
45655.0
45686.0
45714.0
45745.0
45775.0
45806.0
45836.0
45867.0
45898.0
45928.0
45959.0
45989.0
46020.0
46051.0
46079.0
46110.0
46140.0
46171.0
46201.0
46232.0
46263.0
46293.0
46324.0
46354.0
46385.0
46416.0
46444.0
46475.0
46505.0
46536.0
46566.0
46597.0
46628.0
46658.0
46689.0
46719.0
46750.0
46781.0
46810.0
46841.0
46871.0
46902.0
46932.0
46963.0
46994.0
47024.0
47055.0
47085.0
47116.0
47147.0
47175.0
47206.0
47236.0
47267.0
47297.0
47328.0
47359.0
47389.0
47420.0
47450.0
47481.0
47512.0
47540.0
47571.0
47601.0
47632.0
47662.0
47693.0
47724.0
47754.0
47785.0
47815.0
47846.0
47877.0
47905.0
47936.0
47966.0
47997.0
48027.0
48058.0
48089.0
48119.0
48150.0
48180.0
48211.0
48242.0
48271.0
48302.0
48332.0
48363.0
48393.0
48424.0
48455.0
48485.0
48516.0
48546.0
48577.0
48608.0
48636.0
48667.0
48697.0
48728.0
48758.0
48789.0
48820.0
48850.0
48881.0
48911.0
48942.0
48973.0
49001.0
49032.0
49062.0
49093.0
49123.0
49154.0
49185.0
49215.0
49246.0
49276.0
49307.0
49338.0
49366.0
49397.0
49427.0
49458.0
49488.0
49519.0
49550.0
49580.0
49611.0
49641.0
49672.0
49703.0
49732.0
49763.0
49793.0
49824.0
49854.0
49885.0
49916.0
49946.0
49977.0
50007.0
50038.0
50069.0
50097.0
50128.0
50158.0
50189.0
50219.0
50250.0
50281.0
50311.0
50342.0
50372.0
50403.0
50434.0
50462.0
50493.0
50523.0
50554.0
50584.0
50615.0
50646.0
50676.0
50707.0
50737.0
50768.0
50799.0
50827.0
50858.0
50888.0
50919.0
50949.0
50980.0
51011.0
51041.0
51072.0
51102.0
51133.0
51164.0
51193.0
51224.0
51254.0
51285.0
51315.0
51346.0
51377.0
51407.0
51438.0
51468.0
51499.0
51530.0
51558.0
51589.0
51619.0
51650.0
51680.0
51711.0
51742.0
51772.0
51803.0
51833.0
51864.0
51895.0
51923.0
51954.0
51984.0
52015.0
52045.0
52076.0
52107.0
52137.0
52168.0
52198.0
52229.0
52260.0
52288.0
52319.0
52349.0
52380.0
52410.0
52441.0
52472.0
52502.0
52533.0
52563.0
52594.0
52625.0
52654.0
52685.0
52715.0
52746.0
52776.0
52807.0
52838.0
52868.0
52899.0
52929.0
52960.0
52991.0
53019.0
53050.0
53080.0
53111.0
53141.0
53172.0
53203.0
53233.0
53264.0
53294.0
53325.0
53356.0
53384.0
53415.0
53445.0
53476.0
53506.0
53537.0
53568.0
53598.0
53629.0
53659.0
53690.0
53721.0
53749.0
53780.0
53810.0
53841.0
53871.0
53902.0
53933.0
53963.0
53994.0
54024.0
54055.0
54086.0
54115.0
54146.0
54176.0
54207.0
54237.0
54268.0
54299.0
54329.0
54360.0
54390.0
54421.0
54452.0
54480.0
54511.0
54541.0
54572.0
54602.0
54633.0
54664.0
54694.0
54725.0
54755.0
54786.0
54817.0
54845.0
54876.0
54906.0
54937.0
54967.0
54998.0
55029.0
55059.0
55090.0
55120.0
55151.0
55182.0
55210.0
55241.0
55271.0
55302.0
55332.0
55363.0
55394.0
55424.0
55455.0
55485.0
55516.0
55547.0
55576.0
55607.0
55637.0
55668.0
55698.0
55729.0
55760.0
55790.0
55821.0
55851.0
55882.0
55913.0
55941.0
55972.0
56002.0
56033.0
56063.0
56094.0
56125.0
56155.0
56186.0
56216.0
56247.0
56278.0
56306.0
56337.0
56367.0
56398.0
56428.0
56459.0
56490.0
56520.0
56551.0
56581.0
56612.0
56643.0
56671.0
56702.0
56732.0
56763.0
56793.0
56824.0
56855.0
56885.0
56916.0
56946.0
56977.0
57008.0
57037.0
57068.0
57098.0
57129.0
57159.0
57190.0
57221.0
57251.0
57282.0
57312.0
57343.0
57374.0
57402.0
57433.0
57463.0
57494.0
57524.0
57555.0
57586.0
57616.0
57647.0
57677.0
57708.0
57739.0
57767.0
57798.0
57828.0
57859.0
57889.0
57920.0
57951.0
57981.0
58012.0
58042.0
58073.0
58104.0
58132.0
58163.0
58193.0
58224.0
58254.0
58285.0
58316.0
58346.0
58377.0
58407.0
58438.0
58469.0
58498.0
58529.0
58559.0
58590.0
58620.0
58651.0
58682.0
58712.0
58743.0
58773.0
58804.0
58835.0
58863.0
58894.0
58924.0
58955.0
58985.0
59016.0
59047.0
59077.0
59108.0
59138.0
59169.0
59200.0
59228.0
59259.0
59289.0
59320.0
59350.0
59381.0
59412.0
59442.0
59473.0
59503.0
59534.0
59565.0
59593.0
59624.0
59654.0
59685.0
59715.0
59746.0
59777.0
59807.0
59838.0
59868.0
59899.0
59930.0
59959.0
59990.0
60020.0
60051.0
60081.0
60112.0
60143.0
60173.0
60204.0
60234.0
60265.0
60296.0
60324.0
60355.0
60385.0
60416.0
60446.0
60477.0
60508.0
60538.0
60569.0
60599.0
60630.0
60661.0
60689.0
60720.0
60750.0
60781.0
60811.0
60842.0
60873.0
60903.0
60934.0
60964.0
60995.0
61026.0
61054.0
61085.0
61115.0
61146.0
61176.0
61207.0
61238.0
61268.0
61299.0
61329.0
61360.0
61391.0
61420.0
61451.0
61481.0
61512.0
61542.0
61573.0
61604.0
61634.0
61665.0
61695.0
61726.0
61757.0
61785.0
61816.0
61846.0
61877.0
61907.0
61938.0
61969.0
61999.0
62030.0
62060.0
62091.0
62122.0
62150.0
62181.0
62211.0
62242.0
62272.0
62303.0
62334.0
62364.0
62395.0
62425.0
62456.0
62487.0
62515.0
62546.0
62576.0
62607.0
62637.0
62668.0
62699.0
62729.0
62760.0
62790.0
62821.0
62852.0
62881.0
62912.0
62942.0
62973.0
63003.0
63034.0
63065.0
63095.0
63126.0
63156.0
63187.0
63218.0
63246.0
63277.0
63307.0
63338.0
63368.0
63399.0
63430.0
63460.0
63491.0
63521.0
63552.0
63583.0
63611.0
63642.0
63672.0
63703.0
63733.0
63764.0
63795.0
63825.0
63856.0
63886.0
63917.0
63948.0
63976.0
64007.0
64037.0
64068.0
64098.0
64129.0
64160.0
64190.0
64221.0
64251.0
64282.0
64313.0
64342.0
64373.0
64403.0
64434.0
64464.0
64495.0
64526.0
64556.0
64587.0
64617.0
64648.0
64679.0
64707.0
64738.0
64768.0
64799.0
64829.0
64860.0
64891.0
64921.0
64952.0
64982.0
65013.0
65044.0
65072.0
65103.0
65133.0
65164.0
65194.0
65225.0
65256.0
65286.0
65317.0
65347.0
65378.0
65409.0
65437.0
65468.0
65498.0
65529.0
65559.0
65590.0
65621.0
65651.0
65682.0
65712.0
65743.0
65774.0
65803.0
65834.0
65864.0
65895.0
65925.0
65956.0
65987.0
66017.0
66048.0
66078.0
66109.0
66140.0
66168.0
66199.0
66229.0
66260.0
66290.0
66321.0
66352.0
66382.0
66413.0
66443.0
66474.0
66505.0
66533.0
66564.0
66594.0
66625.0
66655.0
66686.0
66717.0
66747.0
66778.0
66808.0
66839.0
66870.0
66898.0
66929.0
66959.0
66990.0
67020.0
67051.0
67082.0
67112.0
67143.0
67173.0
67204.0
67235.0
67264.0
67295.0
67325.0
67356.0
67386.0
67417.0
67448.0
67478.0
67509.0
67539.0
67570.0
67601.0
67629.0
67660.0
67690.0
67721.0
67751.0
67782.0
67813.0
67843.0
67874.0
67904.0
67935.0
67966.0
67994.0
68025.0
68055.0
68086.0
68116.0
68147.0
68178.0
68208.0
68239.0
68269.0
68300.0
68331.0
68359.0
68390.0
68420.0
68451.0
68481.0
68512.0
68543.0
68573.0
68604.0
68634.0
68665.0
68696.0
68725.0
68756.0
68786.0
68817.0
68847.0
68878.0
68909.0
68939.0
68970.0
69000.0
69031.0
69062.0
69090.0
69121.0
69151.0
69182.0
69212.0
69243.0
69274.0
69304.0
69335.0
69365.0
69396.0
69427.0
69455.0
69486.0
69516.0
69547.0
69577.0
69608.0
69639.0
69669.0
69700.0
69730.0
69761.0
69792.0
69820.0
69851.0
69881.0
69912.0
69942.0
69973.0
70004.0
70034.0
70065.0
70095.0
70126.0
70157.0
70186.0
70217.0
70247.0
70278.0
70308.0
70339.0
70370.0
70400.0
70431.0
70461.0
70492.0
70523.0
70551.0
70582.0
70612.0
70643.0
70673.0
70704.0
70735.0
70765.0
70796.0
70826.0
70857.0
70888.0
70916.0
70947.0
70977.0
71008.0
71038.0
71069.0
71100.0
71130.0
71161.0
71191.0
71222.0
71253.0
71281.0
71312.0
71342.0
71373.0
71403.0
71434.0
71465.0
71495.0
71526.0
71556.0
71587.0
71618.0
71647.0
71678.0
71708.0
71739.0
71769.0
71800.0
71831.0
71861.0
71892.0
71922.0
71953.0
71984.0
72012.0
72043.0
72073.0
72104.0
72134.0
72165.0
72196.0
72226.0
72257.0
72287.0
72318.0
72349.0
72377.0
72408.0
72438.0
72469.0
72499.0
72530.0
72561.0
72591.0
72622.0
72652.0
72683.0
72714.0
72742.0
72773.0
72803.0
72834.0
72864.0
72895.0
72926.0
72956.0
72987.0
73017.0
73048.0
73079.0
73108.0
73139.0
73169.0
73200.0
73230.0
73261.0
73292.0
73322.0
73353.0
73383.0
73414.0
73445.0
73473.0
73504.0
73534.0
73565.0
73595.0
73626.0
73657.0
73687.0
73718.0
73748.0
73779.0
73810.0
73838.0
73869.0
73899.0
73930.0
73960.0
73991.0
74022.0
74052.0
74083.0
74113.0
74144.0
74175.0
74203.0
74234.0
74264.0
74295.0
74325.0
74356.0
74387.0
74417.0
74448.0
74478.0
74509.0
74540.0
74569.0
74600.0
74630.0
74661.0
74691.0
74722.0
74753.0
74783.0
74814.0
74844.0
74875.0
74906.0
74934.0
74965.0
74995.0
75026.0
75056.0
75087.0
75118.0
75148.0
75179.0
75209.0
75240.0
75271.0
75299.0
75330.0
75360.0
75391.0
75421.0
75452.0
75483.0
75513.0
75544.0
75574.0
75605.0
75636.0
75664.0
75695.0
75725.0
75756.0
75786.0
75817.0
75848.0
75878.0
75909.0
75939.0
75970.0
76001.0
76030.0
76061.0
76091.0
76122.0
76152.0
76183.0
76214.0
76244.0
76275.0
76305.0
76336.0
76367.0
76395.0
76426.0
76456.0
76487.0
76517.0
76548.0
76579.0
76609.0
76640.0
76670.0
76701.0
76732.0
76760.0
76791.0
76821.0
76852.0
76882.0
76913.0
76944.0
76974.0
77005.0
77035.0
77066.0
77097.0
77125.0
77156.0
77186.0
77217.0
77247.0
77278.0
77309.0
77339.0
77370.0
77400.0
77431.0
77462.0
77491.0
77522.0
77552.0
77583.0
77613.0
77644.0
77675.0
77705.0
77736.0
77766.0
77797.0
77828.0
77856.0
77887.0
77917.0
77948.0
77978.0
78009.0
78040.0
78070.0
78101.0
78131.0
78162.0
78193.0
78221.0
78252.0
78282.0
78313.0
78343.0
78374.0
78405.0
78435.0
78466.0
78496.0
78527.0
78558.0
78586.0
78617.0
78647.0
78678.0
78708.0
78739.0
78770.0
78800.0
78831.0
78861.0
78892.0
78923.0
78952.0
78983.0
79013.0
79044.0
79074.0
79105.0
79136.0
79166.0
79197.0
79227.0
79258.0
79289.0
79317.0
79348.0
79378.0
79409.0
79439.0
79470.0
79501.0
79531.0
79562.0
